0 0.37109375 0.5546875 0.0546875 0.0546875
1 0.4375 0.5546875 0.05078125 0.05859375
4 0.62109375 0.5546875 0.046875 0.05859375
5 0.37109375 0.6171875 0.0546875 0.0546875
6 0.4296875 0.6171875 0.0390625 0.05859375
7 0.49609375 0.6171875 0.05078125 0.05078125
9 0.6328125 0.6171875 0.0546875 0.05859375
10 0.375 0.6796875 0.046875 0.0546875
11 0.43359375 0.6796875 0.05078125 0.0546875
12 0.49609375 0.6796875 0.05078125 0.05078125
13 0.55859375 0.67578125 0.05078125 0.046875
14 0.62109375 0.6796875 0.0546875 0.05859375
15 0.3125 0.7421875 0.05078125 0.05859375
17 0.4375 0.73828125 0.05078125 0.0546875
18 0.49609375 0.73828125 0.05078125 0.0546875
20 0.625 0.73828125 0.0546875 0.05078125
21 0.6796875 0.7421875 0.0546875 0.05078125
23 0.47265625 0.8046875 0.046875 0.05078125
25 0.59765625 0.8046875 0.0546875 0.05078125