0 0.1484375 0.07421875 0.12109375 0.12890625
1 0.2890625 0.078125 0.11328125 0.12109375
2 0.43359375 0.07421875 0.1015625 0.10546875
3 0.57421875 0.07421875 0.109375 0.1328125
4 0.72265625 0.0859375 0.1015625 0.140625
5 0.84765625 0.078125 0.09375 0.12890625
6 0.1484375 0.21875 0.109375 0.140625
7 0.2890625 0.2109375 0.11328125 0.12890625
8 0.4296875 0.21484375 0.08203125 0.11328125
9 0.56640625 0.2109375 0.09375 0.11328125
10 0.7109375 0.21484375 0.10546875 0.12109375
11 0.86328125 0.2109375 0.078125 0.125
12 0.16015625 0.34765625 0.1171875 0.109375
13 0.296875 0.35546875 0.11328125 0.12890625
14 0.43359375 0.35546875 0.09765625 0.1484375
15 0.5703125 0.3515625 0.08984375 0.12890625
16 0.71484375 0.3515625 0.1171875 0.14453125
17 0.85546875 0.3515625 0.09375 0.12109375
18 0.1484375 0.48828125 0.1015625 0.125
19 0.29296875 0.49609375 0.08203125 0.12109375
20 0.43359375 0.49609375 0.12890625 0.1328125
21 0.57421875 0.4921875 0.10546875 0.12890625
22 0.70703125 0.49609375 0.12109375 0.1328125
23 0.8515625 0.4921875 0.1171875 0.13671875
24 0.14453125 0.625 0.08984375 0.12890625
25 0.28515625 0.62890625 0.10546875 0.11328125