4 0.77734375 0.203125 0.078125 0.1171875
3 0.6484375 0.21875 0.08203125 0.1015625
2 0.5078125 0.21875 0.09765625 0.12109375
6 0.3671875 0.37890625 0.08984375 0.125
5 0.2265625 0.375 0.0625 0.09765625
7 0.50390625 0.3671875 0.08984375 0.09765625
9 0.66015625 0.375 0.0703125 0.11328125
8 0.609375 0.375 0.05859375 0.10546875
10 0.76953125 0.3671875 0.11328125 0.12109375
15 0.77734375 0.5234375 0.09375 0.1171875
13 0.4921875 0.53515625 0.09375 0.109375
14 0.6484375 0.5390625 0.109375 0.10546875
12 0.3671875 0.53515625 0.12109375 0.1015625
11 0.234375 0.53515625 0.06640625 0.12109375
17 0.37890625 0.6796875 0.08203125 0.08984375
16 0.25 0.6875 0.10546875 0.10546875
18 0.5078125 0.69140625 0.09375 0.08984375
19 0.6328125 0.68359375 0.08203125 0.11328125
20 0.765625 0.6875 0.10546875 0.09765625
25 0.76171875 0.83984375 0.11328125 0.11328125
24 0.64453125 0.83984375 0.08984375 0.1171875
23 0.52734375 0.84375 0.08984375 0.09765625
21 0.23828125 0.8359375 0.10546875 0.09765625
22 0.37890625 0.83984375 0.125 0.1328125