0 0.2734375 0.109375 0.1171875 0.16796875
1 0.39453125 0.11328125 0.10546875 0.171875
2 0.5 0.11328125 0.09765625 0.16015625
3 0.61328125 0.11328125 0.109375 0.171875
4 0.7265625 0.1171875 0.09375 0.16796875
5 0.26953125 0.296875 0.08984375 0.171875
6 0.390625 0.30078125 0.1171875 0.1640625
7 0.52734375 0.30078125 0.1171875 0.171875
8 0.63671875 0.30078125 0.05859375 0.1640625
9 0.7265625 0.296875 0.08203125 0.1640625
10 0.26953125 0.484375 0.1171875 0.16796875
11 0.37890625 0.484375 0.09375 0.1640625
12 0.4921875 0.4921875 0.140625 0.171875
13 0.625 0.48828125 0.1171875 0.16796875
14 0.734375 0.484375 0.11328125 0.1640625
15 0.2734375 0.67578125 0.10546875 0.16796875
16 0.39453125 0.68359375 0.1171875 0.18359375
17 0.51953125 0.67578125 0.11328125 0.17578125
18 0.6328125 0.671875 0.09765625 0.16015625
19 0.7421875 0.671875 0.109375 0.171875
20 0.26953125 0.8828125 0.109375 0.17578125
22 0.40234375 0.8828125 0.15625 0.171875
23 0.53125 0.8828125 0.11328125 0.1640625
24 0.640625 0.8828125 0.1171875 0.16015625
25 0.74609375 0.8828125 0.09765625 0.1640625