0 0.2421875 0.15234375 0.13671875 0.16015625
1 0.37890625 0.15234375 0.1171875 0.15625
2 0.5078125 0.1484375 0.11328125 0.16015625
3 0.63671875 0.1484375 0.1171875 0.1640625
4 0.76953125 0.1484375 0.125 0.16796875
5 0.1796875 0.32421875 0.1015625 0.16015625
6 0.3046875 0.32421875 0.12109375 0.1640625
7 0.44921875 0.32421875 0.1328125 0.16796875
8 0.5703125 0.3203125 0.06640625 0.16015625
9 0.6640625 0.32421875 0.10546875 0.16015625
10 0.80859375 0.32421875 0.125 0.171875
11 0.203125 0.5 0.11328125 0.1640625
12 0.35546875 0.5 0.15625 0.16015625
13 0.515625 0.49609375 0.125 0.16015625
15 0.796875 0.50390625 0.1171875 0.16015625
14 0.66796875 0.50390625 0.1015625 0.15234375
16 0.234375 0.6875 0.12890625 0.1640625
17 0.37109375 0.6796875 0.1171875 0.16796875
18 0.50390625 0.6796875 0.109375 0.16015625
19 0.62890625 0.6796875 0.1171875 0.15625
20 0.76953125 0.67578125 0.1171875 0.16015625
25 0.7890625 0.85546875 0.10546875 0.16015625
24 0.66796875 0.85546875 0.12109375 0.1640625
23 0.54296875 0.8515625 0.109375 0.15625
22 0.38671875 0.859375 0.16796875 0.16015625
21 0.22265625 0.8515625 0.13671875 0.1640625