0 0.18359375 0.15625 0.046875 0.0703125
1 0.18359375 0.21875 0.05859375 0.05078125
2 0.1875 0.2890625 0.0625 0.0625
3 0.1875 0.35546875 0.046875 0.05078125
4 0.1875 0.421875 0.05078125 0.05859375
5 0.1953125 0.48828125 0.05078125 0.05078125
6 0.1953125 0.5546875 0.0546875 0.05078125
7 0.1875 0.62890625 0.06640625 0.0625
8 0.1875 0.6953125 0.0625 0.05078125
10 0.1875 0.82421875 0.0546875 0.0625
11 0.19140625 0.8984375 0.05078125 0.0546875
11 0.1953125 0.96484375 0.05859375 0.05859375
9 0.19140625 0.7578125 0.05859375 0.05859375
14 0.73046875 0.23046875 0.05078125 0.05078125
15 0.7265625 0.30078125 0.0390625 0.05078125
18 0.72265625 0.5 0.04296875 0.05078125
21 0.73046875 0.69921875 0.0390625 0.0625
22 0.734375 0.76171875 0.05078125 0.046875
23 0.73046875 0.83203125 0.046875 0.05078125
25 0.734375 0.96484375 0.046875 0.05859375