13 0.34765625 0.09765625 0.171875 0.171875
14 0.51171875 0.09765625 0.1796875 0.1796875
15 0.6640625 0.09765625 0.1484375 0.18359375
16 0.38671875 0.2734375 0.23046875 0.18359375
17 0.609375 0.2734375 0.18359375 0.18359375
18 0.3359375 0.44140625 0.14453125 0.17578125
19 0.4765625 0.44140625 0.15625 0.16796875
20 0.640625 0.44921875 0.1796875 0.17578125
21 0.35546875 0.609375 0.171875 0.1796875
22 0.5859375 0.61328125 0.25390625 0.171875
23 0.34765625 0.7734375 0.16015625 0.17578125
24 0.5 0.78125 0.15234375 0.17578125
25 0.6484375 0.77734375 0.1640625 0.171875
6 0.42578125 0.93359375 0.125 0.10546875
13 0.6796875 0.94921875 0.11328125 0.08984375
0 0.58203125 0.94921875 0.08984375 0.0859375
0 0.5078125 0.9296875 0.0703125 0.1171875