0 0.2890625 0.12890625 0.109375 0.13671875
1 0.40625 0.13671875 0.109375 0.1328125
3 0.62109375 0.13671875 0.09765625 0.1328125
5 0.30859375 0.27734375 0.1171875 0.13671875
6 0.4296875 0.28515625 0.1015625 0.1328125
7 0.5390625 0.28125 0.10546875 0.1328125
8 0.6328125 0.28515625 0.06640625 0.12890625
9 0.72265625 0.28515625 0.08984375 0.125
10 0.3203125 0.4296875 0.12109375 0.1328125
11 0.4453125 0.4296875 0.10546875 0.12109375
12 0.56640625 0.43359375 0.109375 0.12890625
13 0.69921875 0.43359375 0.125 0.140625
14 0.30078125 0.57421875 0.09765625 0.125
15 0.40625 0.578125 0.1015625 0.1328125
16 0.5234375 0.578125 0.08984375 0.1328125
17 0.62890625 0.58203125 0.109375 0.12890625
18 0.7265625 0.58203125 0.09375 0.1328125
19 0.3125 0.7265625 0.125 0.12890625
20 0.4453125 0.73046875 0.10546875 0.12890625
21 0.5546875 0.7265625 0.10546875 0.125
22 0.6953125 0.73046875 0.15234375 0.1328125
23 0.3671875 0.875 0.1328125 0.140625
24 0.50390625 0.87890625 0.1015625 0.12890625
25 0.6328125 0.875 0.125 0.13671875