0 0.28515625 0.3359375 0.09375 0.109375
5 0.26953125 0.4453125 0.09765625 0.1015625
10 0.27734375 0.55859375 0.09375 0.109375
15 0.26953125 0.6796875 0.10546875 0.09765625
20 0.2734375 0.79296875 0.0859375 0.125
1 0.3828125 0.3359375 0.08984375 0.109375
2 0.5 0.33203125 0.1015625 0.12890625
3 0.609375 0.33203125 0.09375 0.09765625
4 0.71875 0.328125 0.1015625 0.11328125
6 0.39453125 0.44140625 0.09375 0.109375
7 0.51171875 0.4375 0.12109375 0.09765625
8 0.625 0.44921875 0.08203125 0.10546875
9 0.734375 0.4453125 0.11328125 0.109375
14 0.73046875 0.5546875 0.0859375 0.125
13 0.62890625 0.5625 0.1171875 0.12109375
12 0.51171875 0.5546875 0.1015625 0.09765625
11 0.390625 0.56640625 0.09375 0.09765625
16 0.39453125 0.66796875 0.10546875 0.1171875
17 0.51171875 0.6796875 0.1015625 0.1015625
18 0.625 0.671875 0.1015625 0.10546875
19 0.734375 0.671875 0.10546875 0.10546875
21 0.3984375 0.7890625 0.1015625 0.09765625
22 0.5 0.78515625 0.1171875 0.08984375
23 0.625 0.796875 0.10546875 0.109375
24 0.73046875 0.7890625 0.0859375 0.109375
25 0.51171875 0.90234375 0.10546875 0.1171875