15 0.140625 0.1484375 0.17578125 0.203125
15 0.12890625 0.87109375 0.12109375 0.15234375
0 0.28515625 0.15625 0.16796875 0.20703125
0 0.56640625 0.15625 0.140625 0.2265625
0 0.2890625 0.34375 0.14453125 0.1953125
0 0.5703125 0.5390625 0.15234375 0.19140625
0 0.59375 0.70703125 0.15625 0.1796875
14 0.31640625 0.5390625 0.15625 0.2109375
14 0.83984375 0.33984375 0.16015625 0.203125
14 0.8515625 0.70703125 0.15625 0.19140625
17 0.15234375 0.53125 0.1875 0.19140625
17 0.3828125 0.859375 0.12890625 0.17578125
4 0.85546875 0.16015625 0.19140625 0.20703125
4 0.87109375 0.8671875 0.12890625 0.19140625
14 0.31640625 0.69921875 0.1796875 0.1875
14 0.2734375 0.86328125 0.140625 0.1953125
12 0.171875 0.71484375 0.21484375 0.171875
2 0.7109375 0.7109375 0.15625 0.1875
2 0.7109375 0.14453125 0.18359375 0.22265625