0 0.28515625 0.30859375 0.05859375 0.0625
1 0.390625 0.3046875 0.0625 0.0703125
2 0.50390625 0.3046875 0.05859375 0.06640625
3 0.60546875 0.3046875 0.05859375 0.0703125
4 0.71484375 0.30859375 0.0546875 0.06640625
5 0.296875 0.41015625 0.0625 0.06640625
6 0.39453125 0.4140625 0.0625 0.06640625
7 0.50390625 0.41015625 0.0625 0.07421875
8 0.609375 0.4140625 0.0390625 0.06640625
9 0.7109375 0.4140625 0.0546875 0.06640625
10 0.2890625 0.51953125 0.0546875 0.06640625
11 0.39453125 0.5234375 0.0546875 0.0625
12 0.50390625 0.5234375 0.0625 0.0625
13 0.609375 0.5234375 0.0625 0.06640625
14 0.71484375 0.51953125 0.0625 0.0703125
15 0.28125 0.62109375 0.0625 0.078125
16 0.3984375 0.62890625 0.078125 0.06640625
17 0.5 0.6328125 0.0546875 0.06640625
18 0.609375 0.62890625 0.05078125 0.0625
19 0.71875 0.625 0.05859375 0.06640625
20 0.2890625 0.73828125 0.078125 0.0703125
21 0.39453125 0.73828125 0.07421875 0.06640625
22 0.50390625 0.73828125 0.078125 0.0625
23 0.60546875 0.73828125 0.06640625 0.06640625
24 0.71484375 0.734375 0.05859375 0.0703125
25 0.49609375 0.84765625 0.05859375 0.0625