0 0.30859375 0.1015625 0.109375 0.12890625
1 0.44140625 0.09375 0.1171875 0.1171875
2 0.5625 0.09765625 0.0859375 0.09375
4 0.296875 0.2265625 0.11328125 0.125
4 0.4375 0.2265625 0.0859375 0.09375
4 0.5703125 0.22265625 0.078125 0.10546875
7 0.70703125 0.22265625 0.1171875 0.1328125
10 0.56640625 0.36328125 0.1015625 0.11328125
9 0.43359375 0.3671875 0.09765625 0.125
11 0.703125 0.3671875 0.1015625 0.12109375
16 0.30078125 0.64453125 0.13671875 0.140625
17 0.44140625 0.640625 0.109375 0.109375
23 0.296875 0.90625 0.1171875 0.125
14 0.56640625 0.5 0.1171875 0.12109375
18 0.5703125 0.640625 0.0703125 0.09375
13 0.4296875 0.5078125 0.1015625 0.08984375
4 0.56640625 0.7734375 0.109375 0.140625
22 0.703125 0.76953125 0.1171875 0.1171875