1 0.41015625 0.1328125 0.11328125 0.1328125
22 0.31640625 0.82421875 0.15234375 0.13671875
23 0.58984375 0.8203125 0.10546875 0.1328125
11 0.2890625 0.4140625 0.109375 0.1328125
6 0.3828125 0.26953125 0.10546875 0.14453125
12 0.41015625 0.41015625 0.1328125 0.1328125
13 0.546875 0.40625 0.1171875 0.13671875
20 0.53125 0.68359375 0.1328125 0.16015625
19 0.3984375 0.6796875 0.10546875 0.13671875
18 0.2890625 0.68359375 0.1171875 0.140625
12 0.68359375 0.40234375 0.15625 0.1328125
0 0.29296875 0.1328125 0.11328125 0.12109375
3 0.61328125 0.1328125 0.09765625 0.1328125
22 0.46875 0.82421875 0.1328125 0.12890625
17 0.69921875 0.546875 0.12890625 0.14453125
14 0.390625 0.546875 0.10546875 0.12109375
10 0.703125 0.26953125 0.1015625 0.140625
13 0.28515625 0.546875 0.10546875 0.1328125
24 0.703125 0.8203125 0.109375 0.14453125
15 0.48046875 0.546875 0.1171875 0.13671875