1 0.421875 0.09765625 0.05859375 0.0859375
3 0.56640625 0.09765625 0.0703125 0.08203125
4 0.63671875 0.09765625 0.07421875 0.08203125
5 0.3046875 0.17578125 0.08984375 0.08203125
6 0.37109375 0.1796875 0.07421875 0.08203125
8 0.5078125 0.1796875 0.06640625 0.078125
9 0.5703125 0.17578125 0.0703125 0.078125
10 0.671875 0.18359375 0.11328125 0.0859375
11 0.328125 0.25390625 0.0625 0.08203125
12 0.40234375 0.2578125 0.08203125 0.08203125
13 0.47265625 0.25390625 0.05859375 0.08203125
14 0.53515625 0.2578125 0.06640625 0.0859375
15 0.60546875 0.2578125 0.05078125 0.08984375
16 0.671875 0.25390625 0.08203125 0.0859375
17 0.33984375 0.34375 0.0859375 0.09375
18 0.40625 0.33984375 0.07421875 0.09375
19 0.46875 0.3359375 0.0859375 0.08203125
20 0.52734375 0.3359375 0.06640625 0.08203125
21 0.58984375 0.3359375 0.06640625 0.10546875
22 0.6640625 0.33984375 0.0859375 0.1015625
23 0.42578125 0.421875 0.07421875 0.08984375
24 0.48828125 0.421875 0.0625 0.09375
25 0.54296875 0.42578125 0.08203125 0.08984375
0 0.33203125 0.59765625 0.09375 0.08203125
1 0.42578125 0.59765625 0.0625 0.078125
2 0.4921875 0.6015625 0.07421875 0.08203125
3 0.56640625 0.59765625 0.06640625 0.08203125
4 0.63671875 0.59765625 0.078125 0.078125
6 0.37109375 0.6796875 0.08203125 0.08203125
7 0.4375 0.67578125 0.078125 0.08203125
8 0.5078125 0.67578125 0.06640625 0.078125
9 0.57421875 0.67578125 0.07421875 0.078125
10 0.671875 0.6796875 0.11328125 0.08984375
11 0.328125 0.7578125 0.06640625 0.09375
12 0.40234375 0.7578125 0.08203125 0.0859375
13 0.47265625 0.75390625 0.05859375 0.0859375
14 0.5390625 0.75390625 0.0703125 0.08984375
15 0.60546875 0.7578125 0.05859375 0.08984375
16 0.671875 0.75390625 0.08203125 0.0859375
19 0.46875 0.8359375 0.07421875 0.0859375
21 0.59375 0.8359375 0.0625 0.09765625
22 0.6640625 0.83984375 0.0859375 0.09765625
23 0.421875 0.921875 0.0703125 0.09375
24 0.484375 0.921875 0.05859375 0.09765625
25 0.54296875 0.91796875 0.08203125 0.09375
2 0.48828125 0.09765625 0.07421875 0.08203125