0 0.3515625 0.24609375 0.08984375 0.08984375
1 0.46484375 0.265625 0.0703125 0.1015625
2 0.55859375 0.2734375 0.06640625 0.08984375
4 0.7421875 0.3046875 0.0546875 0.1015625
5 0.34375 0.3515625 0.05859375 0.078125
6 0.44921875 0.375 0.0703125 0.0859375
7 0.55078125 0.38671875 0.07421875 0.08984375
8 0.6328125 0.39453125 0.0390625 0.08203125
9 0.7265625 0.40625 0.07421875 0.0859375
10 0.31640625 0.48046875 0.078125 0.08984375
11 0.421875 0.5 0.0625 0.08203125
12 0.53515625 0.5078125 0.07421875 0.08984375
13 0.62890625 0.51953125 0.06640625 0.078125
14 0.72265625 0.53515625 0.0703125 0.09375
15 0.3046875 0.609375 0.08203125 0.09375
16 0.41796875 0.6328125 0.0859375 0.1015625
17 0.53515625 0.640625 0.08203125 0.09375
19 0.71484375 0.65625 0.05859375 0.08203125
20 0.2734375 0.73828125 0.08203125 0.09375
21 0.40234375 0.75 0.08203125 0.0859375
22 0.53125 0.76953125 0.11328125 0.09375
23 0.65625 0.78515625 0.0703125 0.08203125
24 0.27734375 0.859375 0.08203125 0.109375
25 0.39453125 0.87109375 0.08203125 0.109375