14 0.2734375 0.265625 0.09765625 0.125
14 0.421875 0.265625 0.09375 0.125
14 0.56640625 0.26171875 0.09765625 0.125
14 0.7265625 0.26953125 0.10546875 0.13671875
14 0.2734375 0.41796875 0.12109375 0.12890625
14 0.5703125 0.42578125 0.1015625 0.1171875
14 0.72265625 0.42578125 0.1328125 0.1328125
14 0.72265625 0.58203125 0.12109375 0.1328125
14 0.5703125 0.578125 0.109375 0.1328125
14 0.421875 0.58203125 0.125 0.12109375
14 0.2734375 0.578125 0.109375 0.1171875
14 0.27734375 0.734375 0.1015625 0.140625
14 0.421875 0.73828125 0.12109375 0.13671875
14 0.72265625 0.73828125 0.11328125 0.12109375