0 0.234375 0.26171875 0.08203125 0.1328125
1 0.3125 0.265625 0.078125 0.125
2 0.39453125 0.265625 0.07421875 0.12109375
3 0.47265625 0.265625 0.078125 0.12890625
4 0.546875 0.26171875 0.05859375 0.125
5 0.61328125 0.265625 0.05859375 0.12109375
6 0.6796875 0.265625 0.08203125 0.125
7 0.765625 0.265625 0.078125 0.125
8 0.20703125 0.4296875 0.0390625 0.125
9 0.26171875 0.4296875 0.07421875 0.125
10 0.34375 0.43359375 0.078125 0.12890625
11 0.421875 0.43359375 0.0546875 0.125
12 0.5078125 0.43359375 0.09765625 0.12109375
13 0.59765625 0.43359375 0.08203125 0.1171875
14 0.68359375 0.4296875 0.07421875 0.12109375
15 0.765625 0.4296875 0.078125 0.125
16 0.23046875 0.59375 0.08984375 0.1171875
17 0.32421875 0.59375 0.078125 0.12109375
18 0.40625 0.59375 0.078125 0.125
19 0.484375 0.59765625 0.07421875 0.1328125
20 0.56640625 0.59765625 0.078125 0.125
21 0.65234375 0.59375 0.0859375 0.1171875
22 0.75 0.59765625 0.10546875 0.13671875
23 0.2265625 0.7578125 0.08984375 0.125
24 0.30859375 0.76171875 0.078125 0.12890625
25 0.37890625 0.7578125 0.06640625 0.125