0 0.22265625 0.08984375 0.1328125 0.16015625
1 0.35546875 0.08203125 0.1171875 0.1640625
2 0.48828125 0.08984375 0.12890625 0.1640625
3 0.625 0.0859375 0.12890625 0.15625
4 0.76171875 0.0859375 0.12109375 0.15625
5 0.22265625 0.2734375 0.15234375 0.1953125
6 0.3671875 0.2734375 0.12109375 0.19140625
7 0.5 0.28125 0.1328125 0.19140625
8 0.625 0.27734375 0.0859375 0.17578125
9 0.75 0.2734375 0.13671875 0.1875
10 0.21484375 0.48828125 0.1328125 0.1875
11 0.359375 0.4921875 0.125 0.1796875
12 0.515625 0.484375 0.1484375 0.18359375
13 0.66015625 0.48828125 0.12890625 0.171875
14 0.7890625 0.4765625 0.10546875 0.171875
15 0.22265625 0.6953125 0.140625 0.19140625
16 0.38671875 0.70703125 0.1484375 0.1875
17 0.53125 0.6953125 0.125 0.18359375
18 0.66796875 0.69921875 0.12109375 0.1875
19 0.79296875 0.69921875 0.1171875 0.1875
20 0.21875 0.890625 0.13671875 0.1640625
21 0.375 0.890625 0.13671875 0.15625
22 0.51953125 0.890625 0.1484375 0.15234375
23 0.6640625 0.88671875 0.12890625 0.16015625