0 0.2265625 0.1640625 0.1484375 0.1875
2 0.5 0.13671875 0.1640625 0.21484375
1 0.35546875 0.13671875 0.15234375 0.20703125
4 0.76953125 0.12890625 0.140625 0.16015625
5 0.22265625 0.3359375 0.13671875 0.16796875
8 0.66015625 0.31640625 0.05859375 0.19140625
14 0.7890625 0.5 0.1328125 0.1640625
9 0.78515625 0.30859375 0.16796875 0.22265625
25 0.796875 0.859375 0.11328125 0.203125
24 0.66015625 0.86328125 0.12890625 0.1796875
23 0.54296875 0.890625 0.140625 0.19140625
22 0.39453125 0.875 0.1796875 0.20703125
20 0.22265625 0.86328125 0.1484375 0.1796875
19 0.78515625 0.66015625 0.15234375 0.17578125
18 0.65234375 0.6875 0.1484375 0.19140625
17 0.51171875 0.69140625 0.16015625 0.21484375
16 0.3515625 0.671875 0.1328125 0.1953125
10 0.21484375 0.51171875 0.16015625 0.1875
11 0.33984375 0.4921875 0.1484375 0.1640625
12 0.48828125 0.50390625 0.17578125 0.15625
13 0.640625 0.4921875 0.1484375 0.203125
7 0.53125 0.3203125 0.14453125 0.1875