12 0.265625 0.1015625 0.0859375 0.08203125
12 0.3671875 0.09765625 0.08984375 0.0546875
12 0.28125 0.203125 0.07421875 0.078125
12 0.359375 0.20703125 0.0625 0.046875
12 0.2734375 0.3125 0.05859375 0.0625
12 0.35546875 0.32421875 0.0703125 0.0546875
12 0.4375 0.3203125 0.0625 0.05078125
12 0.27734375 0.4375 0.06640625 0.06640625
12 0.34765625 0.4375 0.0625 0.0703125
12 0.421875 0.44140625 0.06640625 0.06640625
12 0.265625 0.5625 0.0703125 0.0625
12 0.41796875 0.578125 0.0703125 0.05859375
12 0.26953125 0.671875 0.0703125 0.07421875
12 0.34765625 0.6796875 0.0625 0.046875
12 0.26953125 0.80078125 0.05859375 0.0703125
12 0.26171875 0.9453125 0.0625 0.0703125