0 0.30078125 0.06640625 0.13671875 0.12890625
1 0.44140625 0.06640625 0.1328125 0.12890625
2 0.578125 0.06640625 0.1171875 0.1328125
4 0.29296875 0.203125 0.10546875 0.140625
5 0.43359375 0.20703125 0.11328125 0.140625
6 0.58203125 0.203125 0.125 0.13671875
7 0.7109375 0.203125 0.109375 0.13671875
3 0.70703125 0.06640625 0.1171875 0.12890625
8 0.296875 0.34765625 0.0703125 0.1328125
9 0.41796875 0.34765625 0.10546875 0.13671875
10 0.578125 0.34765625 0.140625 0.14453125
11 0.71484375 0.34375 0.1015625 0.140625
12 0.3046875 0.5 0.14453125 0.140625
13 0.44140625 0.5 0.12109375 0.14453125
14 0.578125 0.5 0.140625 0.140625
15 0.7109375 0.5 0.11328125 0.1328125
16 0.30859375 0.640625 0.14453125 0.13671875
17 0.44140625 0.64453125 0.125 0.13671875
18 0.578125 0.64453125 0.1171875 0.13671875
19 0.70703125 0.640625 0.12109375 0.13671875
20 0.296875 0.78125 0.12890625 0.13671875
21 0.43359375 0.7890625 0.12890625 0.140625
22 0.57421875 0.7890625 0.13671875 0.1328125
23 0.703125 0.78515625 0.125 0.13671875
24 0.39453125 0.92578125 0.13671875 0.140625
25 0.5859375 0.92578125 0.140625 0.14453125