1 0.2890625 0.2265625 0.15625 0.22265625
11 0.4296875 0.21484375 0.15234375 0.22265625
20 0.56640625 0.20703125 0.140625 0.20703125
20 0.51953125 0.7421875 0.046875 0.0390625
4 0.72265625 0.234375 0.15234375 0.26171875
4 0.3984375 0.69140625 0.04296875 0.04296875
0 0.21484375 0.6875 0.0546875 0.0625
1 0.2578125 0.6875 0.05078125 0.05078125
2 0.30859375 0.69140625 0.03515625 0.04296875
3 0.34765625 0.6875 0.0390625 0.0546875
5 0.4453125 0.6875 0.0390625 0.04296875
14 0.23828125 0.75 0.06640625 0.05078125
10 0.64453125 0.68359375 0.046875 0.05078125
7 0.53515625 0.6875 0.0546875 0.046875
12 0.734375 0.68359375 0.05859375 0.0625
13 0.7890625 0.6796875 0.04296875 0.0703125