0 0.21875 0.140625 0.09375 0.09375
1 0.37890625 0.140625 0.07421875 0.09765625
2 0.546875 0.15234375 0.0625 0.09765625
3 0.7109375 0.1484375 0.07421875 0.0859375
4 0.22265625 0.2734375 0.08203125 0.08984375
5 0.38671875 0.28125 0.06640625 0.078125
6 0.54296875 0.27734375 0.06640625 0.08203125
7 0.70703125 0.26953125 0.07421875 0.08984375
8 0.22265625 0.40625 0.05078125 0.08984375
9 0.390625 0.40625 0.08203125 0.10546875
10 0.546875 0.40234375 0.06640625 0.09765625
11 0.7109375 0.40625 0.0703125 0.0859375
12 0.21875 0.53515625 0.07421875 0.09765625
13 0.3828125 0.53125 0.08203125 0.078125
14 0.5546875 0.54296875 0.078125 0.08203125
15 0.69921875 0.53125 0.0859375 0.109375
16 0.21875 0.65625 0.0859375 0.1015625
17 0.38671875 0.671875 0.078125 0.0859375
18 0.55078125 0.6640625 0.078125 0.08984375
19 0.703125 0.671875 0.0703125 0.0859375
23 0.703125 0.79296875 0.07421875 0.07421875
22 0.546875 0.78515625 0.07421875 0.08984375
21 0.38671875 0.79296875 0.0546875 0.07421875
20 0.23046875 0.79296875 0.0546875 0.078125
24 0.22265625 0.921875 0.078125 0.09765625
25 0.37890625 0.921875 0.0859375 0.08984375