0 0.3984375 0.11328125 0.06640625 0.09765625
1 0.48046875 0.11328125 0.07421875 0.09375
2 0.54296875 0.1171875 0.0703125 0.09765625
3 0.61328125 0.109375 0.07421875 0.09375
4 0.40234375 0.203125 0.06640625 0.08203125
5 0.47265625 0.20703125 0.05859375 0.08984375
6 0.5390625 0.20703125 0.06640625 0.08984375
7 0.6171875 0.2109375 0.078125 0.09765625
8 0.39453125 0.3046875 0.0703125 0.09375
9 0.47265625 0.30078125 0.06640625 0.08984375
10 0.55078125 0.30078125 0.0703125 0.09375
11 0.62109375 0.30078125 0.06640625 0.08203125
12 0.3984375 0.3984375 0.06640625 0.0859375
13 0.48046875 0.3984375 0.0625 0.078125
14 0.546875 0.3984375 0.05859375 0.0859375
15 0.625 0.390625 0.0703125 0.078125
16 0.40625 0.50390625 0.08203125 0.09765625
17 0.4765625 0.5 0.06640625 0.078125
18 0.5546875 0.5 0.0625 0.0859375
19 0.61328125 0.49609375 0.046875 0.0859375
20 0.40625 0.609375 0.0625 0.07421875
21 0.48046875 0.609375 0.0625 0.0859375
22 0.54296875 0.59765625 0.078125 0.09765625
23 0.6171875 0.60546875 0.07421875 0.09375
25 0.40234375 0.7109375 0.06640625 0.0859375
24 0.47265625 0.7109375 0.0703125 0.0859375