0 0.27734375 0.3828125 0.08984375 0.1015625
2 0.2890625 0.6328125 0.078125 0.08984375
2 0.4140625 0.62109375 0.0625 0.078125
2 0.5234375 0.6015625 0.0703125 0.0859375
2 0.62109375 0.58984375 0.078125 0.08203125
2 0.73046875 0.58203125 0.0625 0.06640625
2 0.8203125 0.578125 0.078125 0.0703125
2 0.90234375 0.56640625 0.06640625 0.078125
4 0.91796875 0.67578125 0.05859375 0.06640625
4 0.83203125 0.6875 0.0625 0.0625
4 0.734375 0.69921875 0.05859375 0.06640625
4 0.6328125 0.7109375 0.05859375 0.0546875
0 0.6171875 0.359375 0.0625 0.07421875
0 0.71875 0.35546875 0.0625 0.07421875
0 0.81640625 0.3515625 0.0625 0.06640625
0 0.90234375 0.34765625 0.046875 0.05859375
0 0.38671875 0.3671875 0.0546875 0.0703125
0 0.5 0.359375 0.046875 0.06640625
0 0.28125 0.50390625 0.0546875 0.06640625
0 0.40625 0.49609375 0.07421875 0.08203125
0 0.515625 0.48828125 0.0625 0.0703125
0 0.62109375 0.48046875 0.0625 0.07421875
0 0.72265625 0.46484375 0.0703125 0.07421875
0 0.8203125 0.4609375 0.046875 0.0703125
0 0.9140625 0.45703125 0.05078125 0.0703125