5 0.4296875 0.52734375 0.0546875 0.05078125
0 0.4921875 0.53125 0.0546875 0.078125
0 0.5 0.4609375 0.04296875 0.078125
12 0.44921875 0.45703125 0.05859375 0.09375
17 0.546875 0.45703125 0.04296875 0.0859375
10 0.59375 0.45703125 0.05078125 0.06640625
2 0.5546875 0.53125 0.0390625 0.0390625
4 0.63671875 0.453125 0.046875 0.0859375
4 0.68359375 0.45703125 0.046875 0.05859375
8 0.70703125 0.45703125 0.02734375 0.0859375
14 0.67578125 0.52734375 0.05078125 0.04296875
19 0.61328125 0.5234375 0.03125 0.06640625
17 0.7421875 0.53125 0.046875 0.0546875
6 0.80078125 0.4609375 0.0546875 0.08203125
24 0.80078125 0.52734375 0.0703125 0.0703125
13 0.7421875 0.453125 0.0625 0.0859375