5 0.5 0.4375 0.25 0.29296875
2 0.22265625 0.6484375 0.05078125 0.0625
14 0.27734375 0.65234375 0.04296875 0.0546875
12 0.328125 0.6484375 0.05859375 0.05859375
15 0.38671875 0.65234375 0.04296875 0.0546875
0 0.43359375 0.65234375 0.04296875 0.05859375
13 0.484375 0.6484375 0.04296875 0.0625
13 0.61328125 0.6484375 0.046875 0.078125
0 0.6640625 0.6484375 0.046875 0.0625
24 0.53515625 0.65234375 0.05078125 0.0625
12 0.71875 0.65234375 0.06640625 0.07421875
4 0.77734375 0.64453125 0.05078125 0.07421875