22 0.1171875 0.09765625 0.16015625 0.171875
22 0.30859375 0.09765625 0.16015625 0.17578125
22 0.51171875 0.09765625 0.140625 0.1328125
22 0.875 0.09765625 0.1796875 0.15234375
22 0.88671875 0.2890625 0.171875 0.18359375
22 0.67578125 0.28515625 0.05078125 0.0703125
22 0.3046875 0.28515625 0.1796875 0.16015625
22 0.1171875 0.296875 0.16796875 0.1015625
22 0.109375 0.47265625 0.1484375 0.11328125
22 0.49609375 0.6875 0.17578125 0.15625
22 0.6875 0.67578125 0.171875 0.140625
22 0.88671875 0.68359375 0.1875 0.15625
22 0.3125 0.66796875 0.0625 0.046875
22 0.30859375 0.83984375 0.12890625 0.1171875
22 0.11328125 0.8671875 0.171875 0.1640625
22 0.50390625 0.8671875 0.15625 0.15234375
22 0.69921875 0.87109375 0.14453125 0.16796875
22 0.88671875 0.87890625 0.12890625 0.140625