2 0.37890625 0.57421875 0.1796875 0.25
2 0.19921875 0.54296875 0.2109375 0.22265625
7 0.1171875 0.3828125 0.078125 0.109375
20 0.18359375 0.37890625 0.0859375 0.08984375
20 0.33203125 0.375 0.078125 0.09765625
17 0.26171875 0.375 0.078125 0.08984375
13 0.453125 0.28125 0.09765625 0.0859375
0 0.37109375 0.27734375 0.078125 0.08984375
0 0.3125 0.2734375 0.05859375 0.08203125
0 0.24609375 0.28125 0.0859375 0.09375
0 0.0703125 0.28125 0.08203125 0.09765625
22 0.16015625 0.27734375 0.09765625 0.09765625