5 0.50390625 0.4921875 0.06640625 0.11328125
2 0.23046875 0.62890625 0.06640625 0.08203125
14 0.28515625 0.62890625 0.05859375 0.07421875
12 0.3515625 0.63671875 0.0546875 0.0703125
12 0.71875 0.63671875 0.0625 0.05859375
15 0.40625 0.63671875 0.0390625 0.0625
0 0.4453125 0.62890625 0.0390625 0.0703125
0 0.6640625 0.6328125 0.0390625 0.06640625
13 0.5 0.63671875 0.05078125 0.07421875
24 0.54296875 0.62890625 0.0546875 0.07421875
13 0.61328125 0.62890625 0.0546875 0.05859375
4 0.76953125 0.6328125 0.0390625 0.06640625