6 0.27734375 0.34375 0.18359375 0.2109375
0 0.1640625 0.1796875 0.16796875 0.1953125
1 0.30859375 0.17578125 0.18359375 0.18359375
2 0.4609375 0.17578125 0.15234375 0.19921875
3 0.60546875 0.16796875 0.19140625 0.19921875
4 0.7578125 0.16796875 0.171875 0.203125
5 0.1484375 0.3515625 0.1953125 0.1875
7 0.44140625 0.3515625 0.171875 0.1796875
11 0.13671875 0.5234375 0.1875 0.19140625
12 0.30859375 0.53125 0.23046875 0.203125
13 0.484375 0.53125 0.171875 0.20703125
14 0.65234375 0.53125 0.15234375 0.19140625
15 0.80078125 0.51953125 0.16796875 0.171875
20 0.75390625 0.6953125 0.15625 0.20703125
25 0.8515625 0.8984375 0.1640625 0.19921875
19 0.59375 0.69921875 0.17578125 0.203125
18 0.44921875 0.69921875 0.1640625 0.2109375
17 0.28515625 0.70703125 0.16796875 0.19140625
21 0.16015625 0.90234375 0.18359375 0.19140625
22 0.35546875 0.8984375 0.2265625 0.203125
23 0.53515625 0.8984375 0.21875 0.19921875
24 0.69921875 0.8984375 0.140625 0.19921875
8 0.55859375 0.3515625 0.078125 0.15234375
9 0.66015625 0.3515625 0.12890625 0.16015625
10 0.8046875 0.3515625 0.1640625 0.18359375
16 0.140625 0.71484375 0.14453125 0.203125