2 0.29296875 0.6875 0.09765625 0.0859375
14 0.37109375 0.69140625 0.0703125 0.07421875
14 0.4765625 0.76953125 0.0390625 0.046875
12 0.44921875 0.69140625 0.0625 0.07421875
15 0.51953125 0.6953125 0.0546875 0.06640625
0 0.58984375 0.69140625 0.0546875 0.0859375
0 0.5859375 0.76953125 0.03515625 0.04296875
13 0.66015625 0.69140625 0.07421875 0.08984375
24 0.73046875 0.6875 0.0703125 0.08203125
18 0.390625 0.76171875 0.0390625 0.05078125
11 0.4296875 0.765625 0.03515625 0.0546875
6 0.53515625 0.76953125 0.04296875 0.05859375
13 0.63671875 0.7734375 0.04296875 0.0625