14 0.2109375 0.1796875 0.19140625 0.24609375
14 0.3671875 0.21875 0.140625 0.16015625
14 0.64453125 0.1875 0.16796875 0.2421875
14 0.79296875 0.2265625 0.1640625 0.1484375
14 0.22265625 0.48046875 0.18359375 0.2578125
14 0.39453125 0.5234375 0.1640625 0.1875
14 0.6484375 0.484375 0.1796875 0.26953125
14 0.80078125 0.53125 0.1328125 0.16015625
14 0.66015625 0.80859375 0.17578125 0.24609375
14 0.8203125 0.828125 0.13671875 0.17578125
14 0.37109375 0.84765625 0.1640625 0.171875
14 0.2109375 0.8046875 0.234375 0.265625