9 0.32421875 0.47265625 0.1953125 0.265625
11 0.68359375 0.46484375 0.15625 0.23046875
3 0.51171875 0.4609375 0.1875 0.234375
4 0.25 0.625 0.03515625 0.046875
23 0.2890625 0.625 0.03515625 0.04296875
15 0.3203125 0.62890625 0.03125 0.046875
17 0.3515625 0.62890625 0.02734375 0.04296875
18 0.4140625 0.62890625 0.03125 0.046875
8 0.4765625 0.62109375 0.01953125 0.0546875
13 0.5078125 0.625 0.03515625 0.046875
3 0.546875 0.62890625 0.03515625 0.04296875
14 0.58203125 0.625 0.0390625 0.04296875
0 0.73828125 0.62890625 0.0390625 0.05078125