11 0.50390625 0.46875 0.1015625 0.171875
15 0.33203125 0.69140625 0.02734375 0.05078125
7 0.3671875 0.69140625 0.03125 0.03515625
14 0.3984375 0.69140625 0.03125 0.0390625
19 0.43359375 0.69140625 0.02734375 0.046875
14 0.46484375 0.6953125 0.02734375 0.03515625
6 0.5 0.69140625 0.02734375 0.046875
17 0.53515625 0.6953125 0.02734375 0.046875
0 0.56640625 0.69140625 0.03125 0.0390625
15 0.6015625 0.69140625 0.03125 0.046875
7 0.63671875 0.6953125 0.02734375 0.046875
24 0.6640625 0.6953125 0.02734375 0.0390625