11 0.48046875 0.4140625 0.37890625 0.42578125
11 0.125 0.68359375 0.0546875 0.1015625
14 0.33984375 0.69140625 0.08203125 0.0859375
6 0.26171875 0.69140625 0.07421875 0.078125
19 0.42578125 0.6875 0.05859375 0.0859375
4 0.48046875 0.6875 0.05078125 0.07421875
23 0.5390625 0.6875 0.0703125 0.078125
7 0.6953125 0.69140625 0.07421875 0.0859375
4 0.76171875 0.6875 0.05078125 0.08203125
17 0.8203125 0.6875 0.0625 0.078125
18 0.328125 0.765625 0.04296875 0.05859375
11 0.3671875 0.765625 0.03515625 0.0625
14 0.39453125 0.7734375 0.0390625 0.0546875
6 0.43359375 0.78125 0.03515625 0.0625
0 0.46875 0.76953125 0.03515625 0.046875
13 0.515625 0.7734375 0.04296875 0.046875
4 0.578125 0.765625 0.0546875 0.0625
4 0.6171875 0.7734375 0.02734375 0.05078125
17 0.64453125 0.7734375 0.03125 0.046875