2 0.35546875 0.76953125 0.08203125 0.1015625
17 0.41796875 0.76953125 0.05859375 0.08984375
4 0.47265625 0.7734375 0.05078125 0.08984375
0 0.52734375 0.77734375 0.0625 0.08203125
19 0.57421875 0.77734375 0.0625 0.08203125
8 0.6171875 0.7734375 0.03125 0.08203125
21 0.66015625 0.77734375 0.0703125 0.08984375
18 0.4609375 0.85546875 0.03515625 0.04296875
14 0.6015625 0.85546875 0.03515625 0.04296875
20 0.5234375 0.85546875 0.03125 0.03515625
3 0.55078125 0.8515625 0.02734375 0.04296875
8 0.57421875 0.85546875 0.01171875 0.046875
19 0.4921875 0.84765625 0.03515625 0.0390625