11 0.50390625 0.3984375 0.4296875 0.46875
11 0.1171875 0.67578125 0.07421875 0.08203125
14 0.1796875 0.67578125 0.06640625 0.06640625
6 0.24609375 0.6796875 0.0625 0.0703125
19 0.390625 0.67578125 0.078125 0.07421875
4 0.4609375 0.6796875 0.0546875 0.06640625
23 0.5234375 0.67578125 0.07421875 0.0703125
7 0.67578125 0.6796875 0.0859375 0.07421875
17 0.8125 0.6796875 0.0703125 0.0703125
18 0.31640625 0.75390625 0.05078125 0.0546875
8 0.35546875 0.75390625 0.02734375 0.0546875
13 0.40234375 0.75390625 0.05859375 0.0625