20 0.58203125 0.62890625 0.08984375 0.109375
17 0.3359375 0.625 0.08203125 0.09765625
19 0.49609375 0.62109375 0.078125 0.08984375
18 0.421875 0.625 0.08203125 0.1015625
25 0.6328125 0.7578125 0.078125 0.12890625
15 0.578125 0.484375 0.0625 0.09375
10 0.6875 0.34765625 0.07421875 0.12109375
4 0.671875 0.2265625 0.09765625 0.11328125
3 0.58203125 0.22265625 0.0703125 0.11328125
2 0.5 0.22265625 0.08203125 0.11328125
1 0.41796875 0.21875 0.078125 0.1015625
1 0.34765625 0.2109375 0.09765625 0.09375
9 0.61328125 0.34375 0.06640625 0.09765625
8 0.5390625 0.3515625 0.0625 0.1015625
7 0.47265625 0.3515625 0.07421875 0.10546875
6 0.39453125 0.3515625 0.08984375 0.125
5 0.30078125 0.35546875 0.09765625 0.109375
12 0.33203125 0.484375 0.09765625 0.10546875
13 0.42578125 0.48828125 0.08203125 0.1015625
14 0.50390625 0.4921875 0.0859375 0.09375
21 0.671875 0.6171875 0.08203125 0.11328125
23 0.4609375 0.765625 0.08203125 0.09765625