15 0.5234375 0.41796875 0.60546875 0.73828125
2 0.07421875 0.88671875 0.14453125 0.10546875
14 0.21875 0.88671875 0.1484375 0.08984375
12 0.37109375 0.8828125 0.1484375 0.08984375
15 0.51953125 0.8828125 0.140625 0.0859375
0 0.65234375 0.88671875 0.12890625 0.09375
13 0.7890625 0.88671875 0.13671875 0.0859375
8 0.9296875 0.8828125 0.13671875 0.0859375
19 0.3359375 0.96875 0.0625 0.04296875
0 0.3984375 0.96484375 0.05859375 0.046875
6 0.4609375 0.96484375 0.05859375 0.046875
11 0.51953125 0.96484375 0.05859375 0.046875
8 0.5625 0.96484375 0.015625 0.046875
13 0.6015625 0.96484375 0.0625 0.046875
4 0.6640625 0.96484375 0.0625 0.046875