17 0.125 0.0859375 0.15234375 0.11328125
17 0.328125 0.26171875 0.12109375 0.11328125
17 0.1328125 0.25390625 0.08984375 0.11328125
17 0.12890625 0.41796875 0.1015625 0.12890625
17 0.12890625 0.5859375 0.1171875 0.109375
17 0.1328125 0.74609375 0.10546875 0.109375
17 0.32421875 0.5859375 0.12890625 0.11328125
17 0.328125 0.90625 0.13671875 0.12890625
17 0.515625 0.90625 0.12109375 0.11328125
17 0.515625 0.75390625 0.1171875 0.11328125
17 0.70703125 0.58203125 0.109375 0.12890625
17 0.89453125 0.41796875 0.109375 0.109375
17 0.890625 0.2578125 0.09765625 0.10546875
17 0.890625 0.09765625 0.1015625 0.11328125
17 0.515625 0.08984375 0.09765625 0.109375
17 0.7109375 0.08984375 0.109375 0.109375
17 0.51953125 0.4140625 0.08984375 0.12109375
17 0.32421875 0.4140625 0.10546875 0.12109375
17 0.8984375 0.90625 0.09765625 0.1015625
17 0.515625 0.58203125 0.1171875 0.13671875